1400
2800
2200
2200
2500
2200
2500
2200
2100
1500
1400
1400
1400
1400
1500
1500
1500
1400
1400
1400
1500
1500
1400
1500
1500
1500
1500
1400
1400
1500
1400
1800
1400
1500
1500
1500
1400
1500
1500
1400
1800
1400
1400
1400
1500
1800
1400
1400
1400
1400
1400
1400
1400
1400
1400
1400
1400
1300
1400
1400
1500
1400
1400
1400
1500
1500
1500
1400
1400
1500
1500
1500
1500
1400
1500
1400
1400
1400
1500
1900
1500
1400
1400
1500
1500
1500
1400
1400
1400
1500
1400
1300
1500
1500
1400
1400
1400
1400
1400
2600
1700
1500
1600
1500
1600
1500
4200
2600
3200
3000
2700
2200
2100
2400
2400
2600
1900
1900
2700
1800
2100
1700
1700
1700
2800
2500
2100
2800
2700
2200
2300
2200
2200
1600
1800
1500
1500
1500
1500
1500
1500
1400
1400
1500
1400
1500
1500
1400
1500
1500
1500
1400
1500
1500
1500
1400
1500
1900
1400
1500
1400
1400
1400
1500
1500
1500
1400
1400
1500
1500
1500
1500
1400
1400
1400
1500
1400
1500
1600
1400
1400
1500
1500
1500
1400
1400
1400
1400
1400
1400
1500
1400
1400
1400
1500
1500
1900
1400
1400
1500
1400
1400
1500
1500
1500
1400
1400
1400
1500
1400
1500
1500
1400
1500
1400
1400
1400
1500
1400
1500
1600
1400
1500
1500
1500
1400
1400
1400
1400
1400
1500
1500
1500
1500
1400
2000
1400
1500
1500
1500
1500
1400
1400
3100
2400
2400
1600
1500
1500
1500
1500
1500
1500
1500
1500
1600
1500
1500
1500
1400
1400
1400
1500
1400
1500
1400
1500
1500
1500
1500
1500
1400
1500
1600
1900
1500
1500
1500
1500
1400
1400
1500
1600
1500
1500
1500
1800
2300
1500
1500
1500
1500
1500
1500
1400
1500
1500
1500
1500
1500
1500
1500
1500
1400
1500
1500
1400
1500
1500
1500
1500
1500
1400
1900
1400
1400
1500
1400
1500
1500
1500
1500
1500
1500
1500
1400
1400
1400
1500
1400
1500
1400
1400
1500
1300
1400
1400
1400
1400
1400
1400
1400
1400
1400
1400
13900
2000
2100
2000
2100
2000
1500
1900
1500
1500
1400
1500
1500
1500
1500
1500
1500
1500
1500
1400
1400
1400
1500
1500
1500
1500
1400
1500
1500
1500
1500
1500
1500
1500
1500
1500
1600
1500
1500
2400
3100
2900
1700
1500
1500
1500
1800
1500
1400
1500
1400
1400
1500
1500
1500
1500
1500
1500
1500
1500
1500
1500
1500
1500
1500
1500
1500
1500
1500
1500
1500
1400
1500
1500
1500
1600
1500
1400
1500
1500
1400
1500
1500
1500
1800
2400
1500
1500
1500
1500
1400
1400
1500
1400
1500
1500
1500
1500
1400
2600
1500
1400
1400
1400
1500
1500
1500
1500
1500
1500
1400
1400
1500
1400
1500
1500
1500
1400
1400
1500
1500
1400
1500
1500
1900
1400
1500
1400
1400
1400
1400
1400
1400
2700
1400
1500
1500
1400
1500
1500
1400
1500
1400
1400
1400
1500
1400
1400
1500
1400
1400
1400
1500
1400
1400
1500
1500
1500
1400
1500
1400
1500
1400
1900
1500
1400
1400
1400
1400
1500
1500
1400
1500
1400
1400
1500
1500
1500
1400
1400
1500
1500
1500
1500
1500
1500
1500
1500
1400
1500
1400
1500
1400
2600
4700
2800
1500
1400
1400
1400
1500
1500
2000
1500
1500
1400
1400
1500
1500
1400
1500
1400
1500
1400
1500
1400
1500
1500
1400
1500
1500
1400
1500
1500
1400
1500
1500
1500
1500
1400
1500
1400
1500
1400
1400
1400
1500
1500
1500
1400
1400
1900
1500
1400
1500
1400
1500
1600
1500
1400
1500
1500
1500
1400
1400
1500
1400
1500
1500
2100
1400
1400
1400
1400
1500
1500
1500
1500
1500
1500
1500
1400
1500
1400
1500
1400
1400
1500
1400
1400
1900
1400
1400
1900
1500
1400
1400
1400
1500
1500
1500
1500
1500
1500
1500
1500
1500
1400
1400
1500
1500
1500
1400
1400
1400
1400
1400
1400
1400
1400
1400
1400
1500
1400
1400
1400
1400
2500
2300
2100
2000
2000
2100
1900
1500
1500
1500
1500
1500
1500
1500
1500
1500
1500
1600
1500
1500
1500
1500
1500
1800
1500
1500
1500
3100
2700
2700
2000
2500
2400
2300
1600
1500
1800
1400
1400
1400
1400
1900
1500
1500
1500
1500
1500
1500
1700
1500
1500
1400
1500
1500
1500
1600
1400
1600
1500
1500
1500
1500
1500
1500
1500
1500
1600
1500
1500
1500
1500
1500
1500
1600
1500
1500
1500
1500
1500
1500
1900
1600
1500
1400
1500
1400
1500
1500
1500
1500
1500
1400
1500
1400
1400
1400
1500
1500
1400
1500
1500
1500
1400
1500
1400
1500
1400
1500
1500
1500
1400
1500
1400
1500
1500
1500
1400
1500
1400
1900
1400
1800
1500
1400
1500
1500
1400
1500
1400
1500
1500
1400
1500
1800
1500
1400
1400
1600
1500
1500
1400
1400
1400
1500
1500
1500
1500
1500
1500
1400
1400
1500
1500
1400
1500
1400
1400
1400
2000
1500
1500
1500
1500
1500
1400
1500
1500
1500
1600
1500
1400
1500
1500
1500
1400
1500
1400
1500
1400
1500
1500
2000
3100
2300
1800
1600
1500
1400
1500
1500
1500
1500
1400
1600
1500
1500
1500
1900
1500
1500
1500
1400
1500
1500
1400
1500
1500
1400
1500
1400
1400
1500
1500
1500
1500
1500
1500
1500
1500
1400
1500
1500
1500
1500
1500
1500
1400
1500
1500
1500
1500
1500
1500
1500
1500
1600
1800
1500
1400
1600
1400
1500
1400
1500
1500
1400
1500
1500
1500
1500
1500
1500
1400
1400
1500
1500
1400
3100
1500
1500
1500
1700
1500
2400
2100
1500
1500
1500
1500
1500
1500
1600
1500
1500
1500
1800
1400
1400
1400
1800
1400
1500
1500
1500
1400
1500
1400
1400
1400
1500
1400
1500
1500
1500
1500
1500
1500
1500
1500
1500
1500
1500
1400
1500
1400
1400
1400
1400
1500
1400
1400
1500
1400
1400
1500
2100
2000
1900
2100
2000
2000
2200
1500
1600
1600
1500
1500
1500
1400
1500
1500
1500
1500
1400
1500
2300
2200
2400
1600
