1400
3000
1900
700
1700
1000
1000
1000
2500
900
1000
1000
900
700
800
700
2900
1000
1000
1000
1000
1000
1100
1600
1000
1000
1500
1300
1100
1100
1300
1300
2600
1200
1200
1100
1300
1200
1200
1200
1300
1200
1300
1300
1600
1100
1400
1200
1300
2800
900
900
1000
900
800
800
900
800
900
1000
800
3000
900
900
3300
1700
1200
1300
1300
1300
1300
1300
1300
1300
1400
2400
1100
1000
1000
1000
900
1000
1000
1000
1000
1000
1300
1200
1000
3000
1100
1000
1100
1000
1200
1300
1100
1100
1100
1100
1200
1100
3300
1300
1200
1200
1500
1600
1200
1100
1000
1100
1100
1500
1100
1200
1200
4400
1500
1100
1200
1300
1100
1100
1100
1100
1100
1200
4500
1500
1500
1500
1500
1500
1500
1500
1500
1600
1500
1500
1500
1500
1500
1700
3000
1200
1300
1200
1300
1500
1400
1500
1300
1200
1300
1300
1400
1300
3300
1300
1300
1300
1300
1300
1300
1300
1300
1300
1300
1400
1700
1400
1300
1400
1500
1500
1400
1500
1900
1500
1400
1400
1400
1500
1400
1400
1400
3700
1400
1600
1500
1800
1600
1400
1400
1500
2000
1600
2000
2200
2100
1500
1600
1600
1600
1500
1500
1500
1600
1400
1600
1500
1900
1500
1500
1400
4900
1500
1600
1600
1600
1600
1600
1600
1600
1600
1600
1600
1600
1600
1600
1700
1600
2100
1700
1600
1600
1600
2200
2800
2500
2300
2300
2100
1700
4200
1600
1700
1700
2000
1700
1700
1700
1800
2200
1800
4400
2000
2000
2000
1900
2100
2000
2000
2000
2000
2000
2100
2000
2100
2100
2500
3500
1900
1900
2400
1900
1800
1900
1900
1900
1900
1900
1900
1900
1800
3900
1800
1800
1900
1800
1900
1900
1800
2000
1800
2300
1900
2000
2000
2000
2000
1900
2000
1900
2100
2000
1900
2000
2000
2000
2000
1900
2100
2000
4100
2800
2800
2700
2600
2600
2700
2700
2600
2100
2300
2300
2100
2500
2100
2000
2100
2300
2100
2100
2000
2100
2000
2600
2100
2100
2100
2100
2000
4300
2100
2100
2200
2100
2100
2100
2100
2300
2000
2200
2100
2300
2300
3100
12300
2600
3200
2500
3000
2300
2400
2200
2300
2200
2200
2100
2200
2200
4900
2100
2200
2100
2300
2200
2300
2800
2200
2200
2200
2400
2200
2200
2200
2300
2300
3900
5000
2800
2300
2300
2300
2300
2300
2400
2400
2300
2900
5200
2400
2400
2300
2300
2200
2500
2300
2300
2300
2300
2300
2400
2400
2500
2300
2300
2400
2400
2300
3000
2400
2500
2400
2300
2300
2400
2400
2500
4900
2600
2400
2500
2400
2400
2300
2400
2400
2400
2400
2400
3100
2500
2500
2500
2500
2500
2400
2500
2600
4500
2500
2400
2400
2400
2500
2500
2600
4700
2400
3200
2600
3200
2600
2600
2600
2700
2500
2500
2500
2900
2600
2500
2600
2600
2600
2600
2600
2600
2600
2500
2700
2600
3400
2600
2800
2700
4700
2600
2700
2700
2600
2700
2900
2700
2700
2600
2700
2700
2700
3000
2700
2600
2700
3400
2700
2700
2700
2800
4000
7000
2900
2800
2600
2800
2800
3000
2700
2700
2800
2700
2700
2700
2700
3500
3500
2800
2800
2700
2900
2800
2700
2700
2700
2700
2900
16400
4000
3700
3100
2900
2700
2800
2800
3000
2900
3600
2900
3000
2900
3000
2900
2800
3700
3200
2900
3000
2900
3000
2900
2900
3000
2900
3000
2900
3000
3000
3800
2900
3000
3000
3000
3000
3100
3300
3100
3100
5800
3100
2900
3000
3000
3900
3100
3000
3000
3000
3000
3900
3000
3000
3100
3000
4700
3100
3300
3200
3300
3200
3200
3200
3100
3000
3200
3100
3200
3100
5600
3100
4000
3300
3900
3200
3100
3200
3200
3100
3300
3100
3200
3200
3100
4900
3400
3200
3200
3300
3200
3300
3400
4200
3200
3300
3300
3300
3300
3300
3300
3300
3300
4200
3300
3200
3400
3300
3200
3300
3300
3200
3400
3300
3500
3300
3400
4200
4400
4100
4700
4700
4200
4400
4400
3600
3500
5800
4000
3500
3400
3400
4100
3600
3500
4400
3500
3400
3400
3400
3400
3500
3500
3400
3500
3600
3400
3700
3500
4600
29400
4900
3700
4600
3600
3500
6200
3600
3500
3600
3600
4300
3500
3600
3700
3600
3600
3500
3700
5300
3600
3500
3600
3600
3700
3500
3600
4900
3500
3500
3600
3500
3600
3700
3600
3700
3600
3600
3700
3600
5600
3600
3700
3700
3600
3700
3700
3700
3900
3700
3800
3700
3700
3800
3600
3600
3700
3800
3700
3700
3700
3600
3700
3600
3800
3800
3800
3800
3700
6100
3800
3800
3700
3900
3900
3800
3900
3800
3800
4000
3800
3900
3800
5700
4000
3900
3900
3900
3900
3900
4900
3900
3900
3900
3900
3800
3900
4000
4000
5400
4000
3800
4100
4000
4000
4000
4000
3900
6000
4000
3900
4900
4100
4100
3800
4100
4000
4000
4000
3900
4000
3800
3900
4000
4000
4000
3900
3900
4000
4900
4000
4000
5100
4000
4200
3900
4100
4100
4100
4000
4100
4200
4000
6200
4100
4100
4200
4200
5000
5100
5400
5500
4200
5200
4100
6300
4100
4100
4000
4200
4200
4100
4000
4200
4100
4300
4200
4300
4300
4100
4200
4100
4300
4200
5300
4500
4300
4200
4300
4300
4200
4200
4200
4200
4400
4200
4200
4200
4200
4900
4400
4400
4200
4300
4200
5400
4300
4400
4300
5900
4200
4400
4300
4300
4300
5600
4400
4300
4200
4400
4200
4300
4100
6600
4300
4500
5600
4300
4300
4400
4300
4400
4300
4400
4400
4400
4600
4300
6300
4400
4600
4400
4400
4400
4300
4500
4500
5600
4500
4600
4400
4500
4400
4400
4400
4400
4400
4500
4400
5500
4500
4500
4500
4400
4500
4400
4400
4700
5700
4600
4500
4500
4400
4500
4400
4500
4500
4600
4500
4400
4400
4600
4600
4600
4500
4500
4600
4500
6600
6000
6300
6000
6000
6400
5800
6200
4700
4700
4500
4700
6100
4600
4500
4600
4800
4800
4600
5500
7600
6300
6000
4600
5700
4600
4600
8100
4700
5600
4600
5700
4700
4700
